4 7
########################### S
37168.0000000000 -25528.0000000000 -27513.0000000000 40151.0000000000 
50606.0000000000 -48640.0000000000 -32310.0000000000 31968.0000000000 
58310.0000000000 -55092.0000000000 53732.0000000000 -47957.0000000000 
8797.0000000000 63357.0000000000 -25203.0000000000 21109.0000000000 
########################### G
1.0000000000 0.0000000000 0.0000000000 0.0000000000 1.0000000000 1.0000000000 0.0000000000 
0.0000000000 1.0000000000 0.0000000000 0.0000000000 0.0000000000 1.0000000000 1.0000000000 
0.0000000000 0.0000000000 1.0000000000 0.0000000000 1.0000000000 0.0000000000 1.0000000000 
0.0000000000 0.0000000000 0.0000000000 1.0000000000 0.0000000000 0.0000000000 0.0000000000 
########################### P
0.0000000000 0.0000000000 0.0000000000 0.0000000000 0.0000000000 1.0000000000 0.0000000000 
0.0000000000 0.0000000000 0.0000000000 0.0000000000 0.0000000000 0.0000000000 1.0000000000 
0.0000000000 1.0000000000 0.0000000000 0.0000000000 0.0000000000 0.0000000000 0.0000000000 
0.0000000000 0.0000000000 0.0000000000 0.0000000000 1.0000000000 0.0000000000 0.0000000000 
1.0000000000 0.0000000000 0.0000000000 0.0000000000 0.0000000000 0.0000000000 0.0000000000 
0.0000000000 0.0000000000 0.0000000000 1.0000000000 0.0000000000 0.0000000000 0.0000000000 
0.0000000000 0.0000000000 1.0000000000 0.0000000000 0.0000000000 0.0000000000 0.0000000000 
